6.067222615983518e-8 122795243942836520000
8.665561439407931e-8 112481880821803680000
1.2377123667287825e-7 97659658121595400000
1.7679667452938545e-7 76466827244335220000
2.5257220554275113e-7 49597428438876040000
3.608018053661112e-7 35318214007030270000
5.154371967180479e-7 23243446727173984000
7.362849147391402e-7 17276462358385727000
0.0000010517607928774797 12802048991322997000
0.000001502406160340743 9508266993310999000
0.000002146163679387821 6944009847525262000
0.00000306577104887319 5048064021012839000
0.000004379384880911113 3712149552803192000
0.000006255916178949737 2690359818882504000
0.000008936435335055226 1978385764715515400
0.00001276559891189405 1438220598449119700
0.000018235779840040387 1024153559653712500
0.000026049679170693295 741681722660427400
0.00003721201633517754 532207765743529660
0.00005315718053611172 384535543121631170
0.00007593444372044473 279544540208961920
0.00010847388902680721 196941349764528400
0.00015495722775113227 138640590702909600
0.00022135444718452533 100941496118828580
0.00031620744673851764 71715345469806260
0.00045169642162203445 52535234739240970
0.0006452381629542265 38632364275078210
0.0009217017761778304 28692815842156496
0.0013166288167050075 21131902222561956
0.0018712710573416504 14981425503355202
0.002686804990859923 10488427578532298
0.003963729249360484 7957705456844026
0.0052727884731691415 5496321863416943
0.008598370699666071 3876763052740486
0.012961709843671449 2558018022747293.5
0.01861958701373058 2025764260558399
0.026326822377923106 1605479019247728.8
0.04066285538089364 1098704114160246.8
0.058083458192349835 859619416299989.6
0.08156983887578455 688198307052888.2
0.11850902892935515 544230647704661.75
0.16224324809389018 444730436555829.3
0.29143648575163494 324507614934271.1
0.41626951406984747 274718645781412.12
0.5946703995766534 184007388481312.7
0.8495032366340045 128646241087488.27
1.2136395867308079 79879634559936.73
1.733931112863323 46832206073297.97
2.35456210747806 23464229426242.734
3.1147391791369095 12874998695021.83
4.567642240230051 7825090612986.052
6.525715721448198 4679941972009.824
9.320537576128801 4202415072455.643
12.068513466490565 3964592122910.926
12.219876656299734 11371104961158.303
12.63297321598876 30801742606470.25
13.23951021914458 75277431370425.73
13.856025673244982 116924268719339.89
14.96326595207269 2314455358426.936
15.386699373956281 102314084706.8435
