6.091168804756992e-8 435965221864784000
8.699131808217375e-8 443057723700849860
1.2423877280879812e-7 441495166778897900
1.7744629919333875e-7 400410727173469900
2.5342994955558647e-7 386376148932252200
3.619588016358049e-7 360486551880769000
5.169720669600534e-7 328948615697659300
7.383767816777091e-7 297197933521040060
0.000001054611414539583 265446756650451230
0.0000015062905809100075 235640435268152260
0.000002151471011656933 202098903087371000
0.0000030732523122977805 153941326758602980
0.000004389724435248808 126780326951931700
0.000006268896634267207 138274269344648750
0.000008953872041717714 121346619163730900
0.00001278931757234643 100781492342654940
0.000018270414092050115 67658930188813630
0.000026089530372644475 83087846426266180
0.000037262570016100154 76167715777530640
0.000053220918592384004 69132631361764040
0.00007601683806546675 59156164880280664
0.00010858166640463096 47503681392952720
0.0001550924544514123 39756159807326400
0.0002215207381612874 34438152177514310
0.0003065045070225001 28074293622697444
0.0003897135646041555 19951371967535676
0.0005540963064565444 20006457594747220
0.0007914277926044729 17198142965198330
0.0011304835994392793 13528008261279304
0.0016145665605606409 13023905865209354
0.002306529756250483 8683482622450033
0.003294172510290053 8482366535486821
0.004705492772720501 6545746760715906
0.006497387477341632 4794021316399229
0.008973375161177896 2666916006660198
0.012814613075364904 2949050055058321.5
0.018303096773119757 2593974303515674
0.024831320875627356 4909264924186877
0.025285901319556665 2923934573126861.5
0.02891477097409349 477259772362859.06
0.03130672883549177 1055097530060978.5
0.045013528342370476 1419639705880276.8
0.06579444725662945 1235401207849842.5
0.08942211045337431 944120217215366
0.13242312686275315 857763221962567.4
0.1793059763400393 537970511068023
0.247803544675595 424951965149208.75
0.3440666542780021 501611943652772.25
0.5015427380486919 438745963601993.9
0.6983783187531825 361946692530082.75
0.9727475290845606 196699939244227.9
1.3548692197182137 111265297450908.47
1.8554442787555567 58191068248996.84
2.4561836960083365 30098628869850.633
3.090117003119358 14934381609568.686
3.8875782772791934 7654947753587.033
5.01691979312813 3948870420559.8047
6.812571905259903 2007206704752.4058
9.488064464295293 1256400433312.7043
11.88016158134506 718860872326.8195
12.82467429839188 1904940090028.8906
13.146365938954123 7455206585787.7705
14.02622528570046 32479478465297.535
14.218655426066029 68058012900554.25
15.3469556255085 4153388132571.7886
15.45749179639138 136050496352.95834
15.625361573745058 283446188190.14935
16.06287843887963 739534798529.3093
